 96,  80,  -1.876
   (20i4)
  85  85  85  85  85  85  85  85  85  85  84  84  84  84  84  84  84  84  84  84
  84  84  84  84  84  84  84  84  84  84  84  84  84  84  84  84  84  84  84  84
  50  50  50  50  50  50  50  50  50  50  50  50  50  50  50  50  50  50  50  50
  84  84  84  84  84  84  84  84  84  84  84  84  84  83  83  84  84  84  84  84
  84  84  84  84  84  84  84  84  84  84  84  84  84  85  85  85
  85  85  85  85  85  85  85  85  85  85  85  85  85  86  86  86  86  86  86  86
  86  86  86  49  49  49  49  49  49  49  49  49  49  49  49  49  49  49  49  49
  49  49  49  49  49  49  49  49  50  50  50  51  51  51  51  51  51  51  51  51
  51  51  51  51  51  51  51  51  51  83  83  83  83  83  83  83  83  83  83  83
  84  84  84  84  84  84  85  85  85  85  85  85  85  85  85  85
  86  86  86  86  86  86  86  86  86  86  86  86  86  86  86  86  86  87  87  87
  48  48  48  48  48  48  48  48  48  48  48  48  48  48  48  48  48  48  48  48
  48  48  48  48  48  48  48  49  49  50  51  51  52  52  52  52  52  52  52  52
  52  52  52  52  52  52  52  52  52  52  83  83  83  83  83  83  83  83  83  83
  83  84  84  84  85  85  86  86  87  87  87  86  86  86  86  86
  87  87  87  87  87  87  87  87  87  87  87  87  87  87  87  87  87  87  87  87
  46  46  46  46  47  47  47  47  47  47  47  47  47  47  47  47  47  47  47  47
  47  47  47  47  47  47  47  48  49  50  51  52  53  53  53  53  53  53  53  53
  53  53  53  53  53  53  53  53  53  53  82  82  82  82  82  82  82  82  82  83
  83  83  84  84  85  86  87  88  88  88  88  88  87  87  87  87
  88  88  88  88  88  88  88  88  88  88  20  20  20  20  20  21  21  21  21  21
  21  21  21  30  30  46  46  46  46  46  46  46  46  46  46  46  46  46  46  46
  46  46  46  46  46  47  47  48  49  50  51  52  53  54  54  54  54  54  54  54
  54  54  54  54  54  68  69  69  69  69  69  82  82  82  82  82  82  82  82  82
  83  83  84  84  85  86  87  88  88  88  88  88  88  88  88  88
  89  90  90  90  90  90  90  90  20  20  20  20  20  20  20  20  21  21  21  21
  21  21  21  21  28  30  30  30  31  31  45  45  45  45  45  45  45  45  45  45
  45  45  45  45  45  46  47  48  49  50  51  52  53  54  55  55  55  55  56  57
  57  57  57  67  67  68  69  69  69  69  69  69  82  82  82  82  82  82  82  82
  82  83  84  84  85  86  87  88  88  89  89  89  89  89  89  89
  92  91  91  91  91   5   6   7   8   9  10  20  20  20  20  20  20  20  21  21
  21  21  21  21  21  28  29  30  30  30  31  31  32  45  45  45  45  45  45  45
  45  45  45  45  45  46  47  48  49  50  51  52  53  54  55  56  57  58  59  60
  61  62  63  64  66  67  67  69  69  69  69  69  73  75  76  76  76  76  82  82
  82  82  83  84  85  86  87  88  89  90  91  91  91  92  92  93
  96   1   4   5   6   6   6   7   8   9  10  11  11  20  20  20  20  20  20  21
  21  21  21  21  24  26  27  29  30  30  31  31  32  32  34  41  41  41  41  42
  43  43  45  47  47  47  47  48  49  50  51  52  53  54  55  56  57  58  59  60
  61  62  63  64  65  66  67  68  69  69  71  72  73  74  75  76  76  76  76  82
  82  82  83  84  85  86  87  88  89  90  91  92  93  93  94  95
   1   2   4   5   5   6   6   7   8   9  10  11  12  13  14  16  20  20  20  20
  21  21  22  23  24  26  27  27  29  30  31  32  32  33  35  36  39  40  40  40
  41  43  44  45  45  46  47  48  49  50  51  52  53  54  55  56  57  58  59  60
  61  62  63  64  65  66  67  68  69  70  71  72  73  74  75  76  77  77  77  81
  81  82  83  84  85  86  87  88  89  90  91  92  93  94  95  96
   1   2   3   4   5   6   7   8   9  10  11  11  12  13  15  16  17  18  20  20
  21  21  23  24  25  26  27  27  29  30  31  32  33  34  35  36  37  38  39  40
  41  42  43  44  45  46  47  48  49  50  51  52  53  54  55  56  57  58  59  60
  61  62  63  64  65  66  67  68  69  70  71  72  73  74  75  76  77  78  78  81
  81  82  83  84  85  86  87  88  89  90  91  92  93  94  95  96
   1   2   3   4   5   6   7   8   9  10  11  12  13  14  15  16  17  18  19  20
  21  22  23  24  25  26  27  28  29  30  31  32  33  34  35  36  37  38  39  40
  41  42  43  44  45  46  47  48  49  50  51  52  53  54  55  56  57  58  59  60
  61  62  63  64  65  66  67  68  69  70  71  72  73  74  75  76  77  78  79  81
  81  82  83  84  85  86  87  88  89  90  91  92  93  94  95  96
   1   2   3   4   5   6   7   8   9  10  11  12  13  14  15  16  17  18  19  20
  21  22  23  24  25  26  27  28  29  30  31  32  33  34  35  36  37  38  39  40
  41  42  43  44  45  46  47  48  49  50  51  52  53  54  55  56  57  58  59  60
  61  62  63  64  65  66  67  68  69  70  71  72  73  74  75  76  77  78  79  80
  81  82  83  84  85  86  87  88  89  90  91  92  93  94  95  96
   1   2   3   4   5   6   7   8   9  10  11  12  13  14  15  16  17  18  19  20
  21  22  23  24  25  26  27  28  29  30  31  32  33  34  35  36  37  38  39  40
  41  42  43  44  45  46  47  48  49  50  51  52  53  54  55  56  57  58  59  60
  61  62  63  64  65  66  67  68  69  70  71  72  73  74  75  76  77  78  79  80
  81  82  83  84  85  86  87  88  89  90  91  92  93  94  95  96
   1   2   3   4   5   6   7   8   9  10  11  12  13  14  15  16  17  18  19  20
  21  22  23  24  25  26  27  28  29  30  31  32  33  34  35  36  37  38  39  40
  41  42  43  44  45  46  47  48  49  50  51  52  53  54  55  56  57  58  59  60
  61  62  63  64  65  66  67  68  69  70  71  72  73  74  75  76  77  78  79  80
  81  82  83  84  85  86  87  88  89  90  91  92  93  94  95  96
   1   2   3   4   5   6   7   8   9  10  11  12  13  14  15  16  17  18  19  20
  21  22  23  24  25  26  27  28  29  30  31  32  33  34  35  36  37  38  39  40
  41  42  43  44  45  46  47  48  49  50  51  52  53  54  55  56  57  58  59  60
  61  62  63  64  65  66  67  68  69  70  71  72  73  74  75  76  77  78  79  80
  81  82  83  84  85  86  87  88  89  90  91  92  93  94  95  96
   1   2   3   4   5   6   7   8   9  10  11  12  13  14  15  16  17  18  19  20
  21  22  23  24  25  26  27  28  29  30  31  32  33  34  35  36  37  38  39  40
  41  42  43  44  45  46  47  48  49  50  51  52  53  54  55  56  57  58  59  60
  61  62  63  64  65  66  67  68  69  70  71  72  73  74  75  76  77  78  79  80
  81  82  83  84  85  86  87  88  89  90  91  92  93  94  95  96
   1   2   3   4   5   6   7   8   9  10  11  12  13  14  15  16  17  18  19  20
  21  22  23  24  25  26  27  28  29  30  31  32  33  34  35  36  37  38  39  40
  41  42  43  44  45  46  47  48  49  50  51  52  53  54  55  56  57  58  59  60
  61  62  63  64  65  66  67  68  69  70  71  72  73  74  75  76  77  77  79  80
  81  82  83  84  85  86  87  88  89  90  91  92  93  94  95  96
   1   2   3   4   5   6   7   8   9  10  11  12  13  14  15  16  17  18  19  20
  21  22  23  24  25  26  27  28  29  30  31  32  33  34  35  36  37  38  39  40
  41  42  43  44  45  46  47  48  49  50  51  52  53  54  55  56  57  58  59  60
  61  62  63  64  65  66  67  68  69  70  71  72  73  74  75  76  76  79  79  80
  81  82  83  84  85  86  87  88  89  90  91  92  93  94  95  96
   1   2   3   4   5   6   7   8   9  10  11  12  13  14  15  16  17  18  19  20
  21  22  23  24  25  26  27  28  29  30  31  32  33  34  35  36  37  38  39  40
  41  42  43  44  45  46  47  48  49  50  51  52  53  54  55  56  57  58  59  60
  61  62  63  64  65  66  67  68  69  70  71  72  73  74  75  76  76  79  80  80
  81  82  83  84  85  86  87  88  89  90  91  92  93  94  95  96
   1   2   3   4   5   6   7   8   9  10  11  12  13  14  15  16  17  18  19  20
  21  22  23  24  25  26  27  28  29  30  31  32  33  34  35  36  37  38  39  40
  41  42  43  44  45  46  47  48  49  50  51  52  53  54  55  56  57  58  59  60
  61  62  63  64  65  66  67  68  69  70  71  72  73  74  75  76  76  80  80  80
  81  82  83  84  85  86  87  88  89  90  91  92  93  94  95  96
   1   2   3   4   5   6   7   8   9  10  11  12  13  14  15  16  17  18  19  20
  21  22  23  24  25  26  27  28  29  30  31  32  33  34  35  36  37  38  39  40
  41  42  43  44  45  46  48  48  49  50  51  52  53  54  55  56  57  58  59  60
  61  62  63  64  65  66  67  68  69  70  71  72  73  74  75  76  77  80  80  80
  81  82  83  84  85  86  87  88  89  90  91  92  93  94  95  96
   1   2   3   4   5   6   7   8   9  10  11  12  13  14  15  16  17  18  19  20
  21  22  23  24  25  26  27  28  29  30  31  32  33  34  35  36  37  38  39  41
  41  42  43  44  45  46  46  48  49  50  51  52  53  54  55  56  57  58  59  60
  61  62  63  64  65  66  67  68  69  70  71  72  73  74  75  76  77  81  81  81
  81  82  83  84  85  86  87  88  89  90  91  92  93  94  95  96
   1   2   3   4   5   6   7   8   9  10  11  12  13  14  15  16  17  18  19  20
  21  22  23  24  25  26  27  28  29  30  31  32  33  34  35  36  37  38  39  41
  41  42  43  44  45  46  47  49  49  50  51  52  53  54  55  56  57  58  59  60
  61  62  63  64  65  66  67  68  69  70  71  72  73  74  75  76  77  81  81  81
  81  82  83  84  85  86  87  88  89  90  91  92  93  94  95  96
   1   2   3   4   5   6   7   8   9  10  11  12  13  14  15  16  17  18  19  20
  21  22  23  24  25  26  27  28  29  30  31  32  33  34  35  36  37  38  38  38
  41  42  43  44  45  46  47  48  49  50  51  52  53  54  55  56  57  58  59  60
  61  62  63  64  65  66  67  68  69  70  71  72  73  74  75  76  77  77  81  82
  82  82  83  84  85  86  87  88  89  90  91  92  93  94  95  96
   1   2   3   4   5   6   7   8   9  10  11  12  13  14  15  16  17  18  19  20
  21  22  23  24  25  26  27  28  29  30  31  32  33  34  35  36  37  37  38  38
  42  42  43  44  45  46  47  48  49  50  51  52  53  54  55  56  57  58  59  60
  61  62  63  64  65  66  67  68  69  70  71  72  73  74  75  76  77  77  81  82
  82  82  83  84  85  86  87  88  89  90  91  92  93  94  95  96
   1   2   3   4   5   5   7   8   9  10  11  12  13  14  15  16  17  18  19  20
  21  22  23  24  25  26  27  28  29  30  31  31  33  34  35  36  37  37  38  38
  42  42  43  44  45  46  47  48  49  50  51  52  53  54  55  56  57  58  59  60
  61  62  63  64  65  66  67  68  69  70  71  72  73  74  75  76  77  77  81  82
  82  82  84  84  85  86  87  88  89  90  91  92  93  94  95  96
   1   2   3   4   5   5   5   5  10  10  11  12  13  14  15  16  17  18  19  20
  21  22  23  24  25  26  27  28  29  30  31  31  33  35  35  36  36  37  38  38
  38  42  43  44  45  46  47  48  49  50  51  52  53  54  55  56  57  58  59  60
  61  62  63  64  65  66  67  68  69  70  71  72  73  74  75  76  77  77  82  82
  82  82  84  84  85  86  87  88  89  90  91  92  93  94  95  96
   1   2   3   4   5   5   5   5   5  10  11  12  13  14  15  16  17  18  19  20
  21  22  23  24  25  26  27  28  29  30  31  31  33  33  35  36  37  37  37  38
  38  42  43  44  45  46  47  48  49  50  51  52  53  54  55  56  57  58  59  60
  61  62  63  64  65  66  67  68  69  70  71  72  73  74  75  76  77  77  82  82
  82  82  82  85  85  86  87  88  89  90  91  92  93  94  95  96
   1   2   3   4   5   5   5   5  10  10  11  12  13  14  15  16  17  18  19  20
  21  22  23  24  25  26  27  28  29  30  31  31  33  33  33  37  37  37  37  38
  42  42  43  44  45  46  47  48  49  50  51  52  53  54  55  56  57  58  59  60
  61  62  63  64  65  66  67  68  69  70  71  72  73  74  75  76  77  78  82  82
  82  82  82  85  85  86  87  88  89  90  91  92  93  94  95  96
   1   2   3   4   4   5   5  10  10  10  11  12  12  14  15  16  17  18  19  20
  21  22  23  24  25  26  27  28  29  30  31  31  32  33  33  33  37  37  37  41
  42  42  43  44  45  46  47  48  49  50  51  52  53  54  55  56  57  58  59  60
  61  62  63  64  65  66  67  68  69  70  71  72  73  74  75  76  77  78  78  82
  82  82  82  82  85  86  87  88  89  90  91  92  93  94  95  96
   1   2   3   4   4  11  11  11  10  11  11  12  12  14  15  16  17  18  19  20
  21  22  23  24  25  26  27  28  29  30  31  32  33  33  33  37  37  37  38  41
  41  42  43  44  45  46  47  48  49  50  51  52  53  54  55  56  57  58  59  60
  61  62  63  64  65  66  67  68  69  70  71  72  73  74  75  76  77  78  82  82
  82  82  82  82  82  87  87  88  89  90  91  92  93  94  95  96
   1   2   3   4   4  11  11  11  11  11  11  12  12  15  15  16  17  18  19  20
  21  22  23  24  25  26  27  28  29  30  31  32  33  34  34  37  37  38  38  41
  41  42  43  44  45  46  47  48  49  50  51  52  53  54  55  56  57  58  59  60
  61  62  63  64  65  66  67  68  69  70  71  72  73  74  75  76  77  78  82  84
  82  82  82  82  88  87  87  88  89  90  91  92  93  94  95  96
   1   2   3   4   4  11  11  11  11  11  11  12  12  15  15  16  17  18  19  20
  21  22  23  24  25  26  27  28  29  30  31  32  33  34  35  35  38  38  38  40
  41  42  43  44  45  46  47  48  49  50  51  52  53  54  55  56  57  58  59  60
  61  62  63  64  65  66  67  68  69  70  71  72  73  74  75  76  77  77  84  84
  82  82  84  82  88  87  87  88  89  90  91  92  93  94  95  96
   1   2   3   4   4  11  11  11  11  11  12  12  13  13  15  16  17  18  19  20
  21  22  23  24  25  26  27  28  29  30  31  32  33  34  35  35  38  38  38  40
  41  42  43  44  45  46  47  48  49  50  51  52  53  54  55  56  57  58  59  60
  61  62  63  64  65  66  67  68  69  70  71  72  73  74  75  76  76  84  84  84
  84  82  84  84  88  87  87  88  89  90  91  92  93  94  95  96
   1   2   3   4   4  11  11  11   4  11  12  12  13  14  15  16  17  18  19  20
  21  22  23  24  25  26  27  28  29  30  31  32  33  34  35  36  37  38  38  40
  41  42  43  44  45  46  47  48  49  50  51  52  53  54  55  56  57  58  59  60
  61  62  63  64  65  66  67  68  69  70  71  72  73  74  75  76  84  84  84  84
  84  84  84  84  88  87  87  88  89  90  91  92  93  94  95  96
   1   2   3   4   4   4   4   4   4  11  12  12  13  14  15  16  17  18  19  20
  21  22  23  24  25  26  27  28  29  30  31  32  33  34  35  36  37  38  40  40
  41  42  43  44  45  46  47  48  49  50  51  52  53  54  55  56  57  58  59  60
  61  62  63  64  65  66  67  68  69  70  71  72  73  74  75  76  84  84  84  84
  84  84  84  84  86  88  88  88  89  90  91  92  93  94  95  96
   1   2   3   4   4   4   4   4   4   4  12  12  13  14  15  16  17  18  19  20
  21  22  23  24  25  26  27  28  29  30  31  32  33  34  35  36  37  38  40  40
  41  42  43  44  45  46  47  48  49  50  51  52  53  54  55  56  57  58  59  60
  61  62  63  64  65  66  67  68  69  70  71  72  73  74  75  75  84  84  84  84
  84  84  84  84  86  86  88  88  89  90  91  92  93  94  95  96
   1   2   3   4   4   4   4   4   4   4  12  12  13  14  15  16  17  18  19  20
  21  22  23  24  25  26  27  28  29  30  31  32  33  34  35  36  37  37  40  40
  41  42  43  44  45  46  47  48  49  50  51  52  53  54  55  56  57  58  59  60
  61  62  63  64  65  66  67  68  69  70  71  72  73  74  75  84  84  84  84  84
  84  84  84  84  85  86  87  88  89  90  91  92  93  94  95  96
   1   2   3   4   4   4   4   4   9   4  12  12  13  14  15  16  17  18  19  20
  21  22  23  24  25  26  27  28  29  30  31  32  33  34  35  36  37  38  39  40
  41  42  43  44  45  46  47  48  49  50  51  52  53  54  55  56  57  58  59  60
  61  62  63  64  65  66  67  68  69  70  71  72  73  74  75  84  84  84  84  84
  84  84  84  84  85  86  87  88  89  90  91  92  93  94  95  96
   1   2   3   3   4   4   4   4   9   9  12  13  13  14  15  16  17  18  19  20
  21  22  23  24  25  26  27  29  29  30  31  32  33  34  35  36  37  38  39  40
  41  42  43  44  45  46  47  48  49  50  51  52  53  54  55  56  57  58  59  60
  61  62  63  64  65  66  67  68  69  70  71  72  73  74  75  84  84  84  84  84
  84  84  84  84  85  86  87  88  89  90  91  92  93  94  95  96
   1   2   3   3   4   4   4   4   9   9  13  13  13  14  15  16  17  18  19  20
  21  22  23  24  25  26  27  29  29  30  30  33  33  34  35  36  37  38  39  40
  41  42  43  44  45  46  47  48  49  50  51  52  53  54  55  56  57  58  59  60
  61  62  63  64  65  66  67  68  69  70  71  72  73  74  75  75  84  84  84  84
  84  84  84  84  85  86  87  88  89  90  91  92  93  94  95  96
   1   2   3   3   4   4   4   4   4   9  13  13  13  14  15  16  17  18  19  20
  21  22  23  24  25  26  27  27  29  30  31  33  33  34  35  36  37  38  39  40
  41  42  43  44  45  46  47  48  49  50  51  52  53  54  55  56  57  58  59  60
  61  62  63  64  65  66  67  68  69  70  71  72  73  74  75  76  77  81  81  84
  84  82  83  84  85  86  87  88  89  90  91  92  93  94  95  96
   1   2   3   3   4   4   4   4   9   9  13  13  13  14  15  16  17  18  19  20
  21  22  23  24  25  26  27  27  29  30  31  31  33  34  35  36  37  38  39  40
  41  42  43  44  45  46  47  48  49  50  51  52  53  54  55  56  57  58  59  60
  61  62  63  64  65  66  67  68  69  70  71  72  73  74  75  76  77  81  81  81
  82  82  83  84  85  86  87  88  89  90  91  92  93  94  95  96
   1   2   3   3   3   3   4   9   9   9  13  13  14  15  15  16  17  18  19  20
  21  22  23  24  25  26  26  28  29  30  31  32  33  34  35  36  37  38  39  40
  41  42  43  44  45  46  47  48  49  50  51  52  53  54  55  56  57  58  59  60
  61  62  63  64  65  66  67  68  69  70  71  72  73  74  75  76  77  81  81  81
  82  82  83  84  85  86  87  88  89  90  91  92  93  94  95  96
   1   3   3   3   3   3   3   9   9   9   9  14  14  15  15  16  17  18  19  20
  21  22  23  24  25  26  26  28  30  30  31  32  33  33  35  36  37  38  39  40
  41  42  43  44  45  46  47  48  49  50  51  52  53  54  55  56  57  58  59  60
  61  62  63  64  65  66  67  68  69  70  71  72  73  74  75  76  77  78  81  81
  81  82  83  84  85  86  87  88  89  90  91  92  93  93   3  96
   1   3   3   3   3   3   9   9   9   9   9  14  14  14  15  16  17  18  19  20
  21  23  23  24  25  26  27  28  30  30  31  32  33  34  35  36  37  38  39  40
  41  42  43  44  45  46  47  48  49  50  51  52  53  54  55  56  57  58  59  60
  61  62  63  64  65  66  67  68  69  70  71  72  73  75  75  76  77  78  79  80
  81  82  83  84  85  86  87  88  89  90  91  92  92  92   3   1
   3   3   3   3   3   3   9   9   9   9   9  14  15  15  15  16  17  18  19  20
  23  23  23  24  25  26  27  28  30  31  31  32  32  34  35  36  37  38  39  40
  41  42  43  44  45  46  47  48  49  50  51  52  53  54  55  56  57  58  59  60
  61  62  63  64  65  66  67  68  69  70  71  72  73  75  75  76  77  78  79  80
  81  82  83  84  85  86  87  88  89  90  91  92  92  92   3   3
   3   3   3   3   3   3   3   9   9   9  14  14  17  17  16  16  17  18  19  20
  23  23  23  24  25  26  27  30  30  30  31  32  32  34  35  36  37  38  39  40
  41  42  43  44  45  46  47  48  49  50  51  52  53  54  55  56  57  58  59  60
  61  62  63  64  65  66  67  68  69  70  71  72  72  74  75  76  77  78  79  80
  81  82  83  84  85  86  87  88  89  90  91  92  92  92  92   3
   3   3   3   3   3   3   3   9   9   9  14  14  17  17  17  17  17  18  19  20
  23  23  23  24  25  26  27  30  30  30  31  32  33  34  35  36  37  38  39  40
  41  42  43  44  45  46  47  48  49  50  51  52  53  54  55  56  57  58  59  60
  61  62  63  64  65  66  67  68  69  70  72  72  72  74  75  76  77  78  79  80
  81  82  83  84  85  86  87  88  89  90  91  92  92  92  92   3
  92  92   3   3   3   3   3   9   9   9  14  17  17  17  17  17  17  18  19  20
  20  23  25  25  25  26  26  30  30  31  31  32  33  34  35  36  37  38  39  40
  41  42  43  44  45  46  47  48  49  50  51  52  53  54  55  56  57  58  59  60
  61  62  63  64  65  66  67  68  68  68  71  72  73  74  75  76  77  78  79  80
  81  82  83  84  85  86  87  88  89  90  91  92  92  92  92  92
  92  92   3   6   6   6   6   9   9   9  14  14  17  17  17  17  17  18  19  19
  20  25  25  25  25  26  26  30  30  31  31  33  33  34  35  36  37  38  39  40
  41  42  43  44  45  46  47  48  49  50  51  52  53  54  55  56  57  58  59  60
  61  62  63  64  65  66  67  68  68  71  71  72  73  74  75  76  77  78  79  80
  81  82  83  84  85  86  87  88  89  90  91  92  92  92  92  92
  92  92   4   6   6   6   6   6   9   9  14  17  17  17  17  17  17  18  19  19
  25  25  25  25  25  25  26  33  31  31  33  33  33  34  35  36  37  38  39  40
  41  42  43  44  45  46  47  48  49  50  51  52  53  54  55  56  57  58  59  60
  61  62  63  64  65  66  66  68  72  72  72  72  73  74  75  76  77  78  79  80
  81  82  83  84  85  86  87  88  89  90  91  92  93  92  92  92
  92  92   4   6   6   6   6   6   9  14  17  17  17  17  17  17  17  17  19  19
  19  25  25  25  25  25  26  33  33  33  33  33  34  34  35  36  37  38  39  40
  41  42  43  44  45  46  47  48  49  50  51  52  53  54  55  56  57  58  59  60
  61  62  63  64  65  66  68  68  72  72  72  72  73  74  74  76  77  78  79  80
  81  82  83  84  85  86  87  88  89  90  91  92  93  94  92  92
  92   4   4   4   6   6   6   6   6  10  14  17  17  17  17  19  19  17  19  19
  19  25  25  25  27  25  27  33  33  33  33  33  34  34  35  36  37  38  39  40
  41  42  43  44  45  46  47  48  49  50  51  52  53  54  55  56  57  58  59  60
  61  62  63  64  65  66  66  66  72  72  72  72  73  74  74  76  77  78  79  80
  81  82  83  84  85  86  87  88  89  90  91  92  93  94  94  92
  92   4   4   4   5   6   8   8   9  10  14  17  17  17  19  19  17  17  17  19
  19  19  19  27  27  27  33  33  33  33  33  33  33  34  35  37  37  38  39  40
  41  42  43  44  45  46  47  48  49  50  51  52  53  54  55  56  57  58  59  60
  61  62  63  64  65  65  66  66  72  72  72  73  73  74  76  76  77  78  79  80
  81  82  83  84  85  86  87  88  89  90  91  92  93  94  95  92
   1   4   4   4   5   6   7   8   9  10  17  17  17  19  19  19  19  19  19  19
  19  19  19  19  33  33  34  34  34  34  34  34  34  34  35  36  37  38  39  40
  41  42  43  44  45  46  47  48  49  50  51  52  53  54  55  56  57  58  59  60
  61  62  63  64  64  66  66  66  72  73  73  73  73  73  76  77  77  78  79  80
  81  82  83  84  85  86  87  88  89  90  91  92  93  94  95   1
   1   2   3   4   5   6   7   8   9  10  17  17  17  19  19  19  19  19  19  19
  19  19  19  19  19  19  19  34  34  34  34  34  34  34  35  36  37  37  39  40
  41  42  43  44  45  46  47  48  49  50  51  52  53  54  55  56  57  58  59  60
  61  62  63  64  64  66  66  66  73  73  73  73  73  73  73  77  77  78  79  80
  81  82  83  84  85  86  87  88  89  90  91  92  93  94  95  95
   1   2   3   4   5   6   8   8   9  11  17  17  19  19  19  19  19  19  19  19
  19  19  19  19  19  19  19  38  38  34  34  34  34  34  36  36  37  38  39  40
  41  42  43  44  45  46  47  48  49  50  51  52  53  54  55  56  57  58  59  60
  61  62  63  64  64  64  63  66  73  73  73  73  73  73  73  77  78  78  79  80
  81  82  83  84  85  86  87  88  89  90  91  92  93  94  94  95
   2   2   3   4   6   6   8   8   9  11  11  11  19  19  19  19  19  19  19  19
  19  19  19  19  19  19  38  38  38  34  34  34  34  34  34  36  37  38  39  40
  41  42  43  44  45  46  47  48  49  50  51  52  53  54  55  56  57  58  59  60
  61  62  63  63  64  63  63  66  73  73  73  73  73  73  73  73  78  78  79  80
  81  82  83  84  85  86  87  88  89  90  91  92  93  94  94  94
  96   2   3   3   6   9   9   9   9  10  11  11  19  19  19  19  19  19  19  19
  19  19  19  19  19  19  19  38  38  38  38  38  34  34  38  36  37  38  38  40
  41  42  43  44  45  46  47  48  49  50  51  52  53  54  55  56  57  58  59  60
  61  62  63  63  63  63  63  73  73  73  73  73  73  80  80  80  78  79  79  80
  81  82  83  84  85  86  87  88  89  90  91  92  93  94  95  96
  96  96   6   6   9   9   9   9   9  10  11  11  19  19  19  19  19  19  19  19
  19  19  19  19  21  21  22  38  38  38  38  38  34  38  38  38  38  38  39  40
  41  42  43  44  45  46  47  48  49  50  51  52  53  54  55  56  57  58  59  60
  61  62  63  63  63  63  73  73  73  73  73  73  73  80  80  80  80  80  79  80
  81  82  83  84  85  86  87  88  89  90  91  92  93  94  95  96
  96   2   2   9   9   9   9   9   9   9   9  11  19  19  19  19  19  19  19  19
  19  19  21  21  22  22  22  22  22  22  38  38  38  38  38  38  38  38  40  40
  41  42  43  44  45  46  47  48  49  50  51  52  53  54  55  56  57  58  59  60
  61  62  63  63  63  63  73  73  73  73  73  73  80  80  75  80  80  80  80  80
  81  82  83  84  85  86  87  88  89  90  91  92  93  94  95  96
   2   2   2   2   2   5   6   9   9   9  11  11  11  19  19  19  19  19  21  21
  21  21  21  21  22  22  22  22  22  22  38  38  38  38  38  38  38  40  40  40
  41  42  43  44  45  46  47  48  49  50  51  52  53  54  55  56  57  58  59  60
  61  62  62  63  63  63  73  73  73  73  73  73  75  75  75  75  75  80  80  81
  81  83  83  84  85  86  87  88  89  90  91  92  93  94  95  95
   1   2   2   2   5   5   6   9   9   9  11  19  11  19  19  19  19  21  21  21
  21  21  21  21  22  22  22  22  22  22  36  38  38  38  38  38  38  38  40  40
  41  42  42  44  45  46  47  48  49  50  51  52  53  54  55  56  57  58  59  60
  61  62  62  63  63  73  73  73  73  73  73  73  74  75  75  75  75  75  80  81
  81  83  83  84  85  86  87  88  89  90  91  92  93  94  95  95
   1   2   3   4   5   6   6   6   7  19  19  19  19  19  19  19  21  21  21  21
  21  21  21  21  22  22  22  22  36  36  36  36  36  38  38  38  38  38  39  40
  41  42  42  44  45  46  47  48  49  50  51  52  53  54  55  56  57  58  59  60
  61  62  62  61  61  61  61  73  73  73  73  73  74  74  75  76  76  76  79  82
  82  82  83  84  85  86  87  88  89  90  91  92  93  94  95  95
   1   2   3   4   5   6   7   7   7  19  19  19  19  19  19  19  19  21  21  21
  21  21  21  21  21  22  22  22  36  36  36  36  36  36  36  36  36  39  39  40
  41  42  42  45  45  46  47  48  49  50  51  52  53  54  54  56  57  58  59  60
  61  61  62  61  61  61  61  61  73  73  73  73  73  74  75  76  76  79  79  81
  81  82  83  84  85  86  87  88  89  90  91  92  93  94  95   1
   1   2   3   3   6   6   7   7   7   7  19  12  19  19  19  19  21  21  21  21
  21  21  21  22  22  22  22  22  22  22  36  36  36  36  36  36  36  36  39  40
  41  42  42  42  45  46  47  48  49  50  51  52  53  53  54  56  57  58  59  59
  61  53  61  61  61  61  61  61  61  73  73  73  73  74  75  76  79  79  79  81
  81  82  83  84  85  86  87  88  89  90  91  92  93  94  95  96
   1   2   2   3   6   6   6   7   7  12  12  12  12  12  12  19  21  21  21  21
  21  21  21  22  22  22  22  22  22  36  36  36  36  36  36  36  36  36  39  44
  44  44  42  42  42  46  47  48  49  50  51  52  52  53  53  53  57  58  58  53
  53  53  61  61  61  61  61  61  74  74  73  73  73  74  75  76  76  78  79  80
  81  82  83  84  85  86  87  88  89  90  91  92  93  94  95  96
   1   2   3   3   6   6   6   7   7  12  12  12  12  13  15  15  21  21  21  21
  21  21  21  22  22  22  22  22  22  36  36  36  36  36  36  36  36  36  42  42
  44  44  44  42  42  42  49  49  49  50  51  52  53  53  53  53  53  53  53  53
  53  53  61  61  61  61  61  61  74  74  74  74  74  74  75  76  77  77  79  80
  81  82  83  83  83  87  87  88  89  90  91  92  93  94  95  96
   1   2   3   3   6   6   6   6  12  12  12  12  13  14  15  15  15  21  21  21
  21  21  21  22  22  22  22  32  36  36  36  36  36  36  36  37  37  37  42  42
  44  44  44  44  44  49  49  49  49  50  51  52  52  52  53  53  53  53  53  53
  61  61  61  61  61  61  64  64  72  72  72  74  74  74  75  76  76  76  80  80
  81  82  82  82  82  87  87  88  89  90  91  92  93  94  95  96
   1   2   3   4   4   6   6   6  10  12  11  12  13  14  15  16  17  18  18  18
  21  21  21  22  22  22  32  32  32  33  33  33  36  36  36  37  37  42  42  42
  42  42  44  44  44  46  47  47  50  50  51  52  52  52  52  57  57  53  53  53
  61  63  63  63  64  64  64  64  72  72  72  72  76  76  76  76  76  76  80  80
  81  82  82  82  82  82  88  89  90  90  91  92  93  94  95  96
   1   2   3   4   5   6   7   8   9  10  11  12  13  14  15  16  17  18  18  20
  21  22  22  24  24  32  32  32  32  32  32  33  33  33  36  36  37  37  40  42
  42  42  43  44  45  46  47  48  49  50  51  52  53  54  56  56  57  58  59  60
  61  62  63  64  64  64  64  64  69  69  71  72  76  76  76  76  76  78  79  80
  81  82  82  82  82  82  82  91  91  91  91  92  93  94  95  96
   1   2   3   4   5   6   7   8   9  10  11  12  13  14  14  16  17  18  19  20
  21  22  24  24  24  27  32  32  32  32  32  32  33  34  36  36  37  37  40  40
  41  42  43  44  45  46  47  48  49  50  51  52  53  54  55  56  57  58  59  60
  61  62  63  63  65  66  68  68  69  70  71  72  73  75  75  77  78  78  79  80
  81  82  82  82  82  82  82  91  92  92  92  92  93  94  95  96
   1   2   3   4   5   6   7   8   9  10  11  12  13  14  15  15  18  18  19  20
  21  22  23  24  25  27  27  27  27  32  32  32  33  34  35  36  37  37  40  40
  41  42  43  44  45  46  47  48  49  50  51  52  53  54  55  56  57  58  59  60
  61  62  63  64  65  66  66  68  69  70  71  72  73  74  75  76  77  78  79  80
  81  81  81  81  81  81  79  93  93  93  93  93  93  94  95  96
   1   2   3   4   5   6   7   8   9  10  11  12  13  14  15  16  17  18  19  20
  21  22  23  24  25  26  27  27  30  30  31  32  33  34  35  36  37  38  39  40
  41  42  43  44  45  46  47  48  49  50  51  52  53  54  55  56  57  58  59  60
  61  62  63  64  65  66  67  68  69  70  71  72  73  73  77  77  77  78  78  78
  80  81  81  80  79  79  93  93  93  93  93  93  93  94  95  96
   1   2   3   4   5   8   8   8   9  10  11  12  13  14  15  16  17  18  19  20
  21  22  23  24  25  26  27  28  29  30  31  32  33  34  35  36  37  38  39  40
  41  42  43  44  45  46  47  48  49  50  51  52  53  54  55  56  57  58  59  60
  61  62  63  64  65  66  67  68  69  70  71  71  71  73  73  78  78  78  79  79
  79  79  79  79  82  91  91  91  93  93  93  93  93  94  95  96
   1   2   3   4   5   6   7   8   9  10  11  12  13  14  15  16  17  18  19  20
  21  22  23  24  25  26  27  28  29  30  31  32  33  34  35  36  37  38  39  40
  41  42  43  44  45  46  47  48  49  50  51  52  53  54  55  56  57  58  59  60
  61  62  63  64  65  66  67  68  69  70  71  72  73  73  73  73  79  79  79  79
  79  81  83  83  84  85  91  91  91  91  91  92  93  94  95  96
   1   2   3   4   5   6   7   8   9  10  11  12  13  14  15  16  17  18  19  20
  21  22  23  24  25  26  27  28  29  30  31  32  33  34  35  36  37  38  39  40
  41  42  43  44  45  46  47  48  49  50  51  52  53  54  55  56  57  58  59  60
  61  62  63  64  65  66  67  68  69  70  71  72  73  74  75  76  77  78  79  80
  81  82  83  84  85  86  87  88  89  90  91  92  93  94  95  96
   1   2   3   4   5   6   7   8   9  10  11  12  13  14  15  16  17  18  19  20
  21  22  23  24  25  26  27  28  29  30  31  32  33  34  35  36  37  38  39  40
  41  42  43  44  45  46  47  48  49  50  51  52  53  54  55  56  57  58  59  60
  61  62  63  64  65  66  67  68  69  70  71  72  73  74  75  76  77  78  79  80
  81  82  83  84  85  86  87  88  89  90  91  92  93  94  95  96
   1   2   3   4   5   6   7   8   9  10  11  12  13  14  15  16  17  18  19  20
  21  22  23  24  25  26  27  28  29  30  31  32  33  34  35  36  37  38  39  40
  41  42  43  44  45  46  47  48  49  50  51  52  53  54  55  56  57  58  59  60
  61  62  63  64  65  66  67  68  69  70  71  72  73  74  75  76  77  78  79  80
  81  82  83  84  85  86  87  88  89  90  91  92  93  94  95  96
  13  13  13  13  13  13  13  13  13  13  13  13  13  13  13  13  13  13  13  13 
  13  13  13  13  13  13  13  13  13  13  13  13  13  13  13  13  13  13  13  13
  13  13  13  13  13  13  13  13  13  13  13  13  13  13  13  13  13  13  13  13
  13  13  13  13  13  13  13  13  13  13  13  13  13  13  13  13  13  13  13  13 
  13  13  13  13  13  13  13  13  13  13  13  13  13  13  13  13 
  13  13  13  13  13  13  13  13  13  13  13  13  13  13  13  13  13  13  13  13 
  13  13  13  13  13  13  13  13  13  13  13  13  13  13  13  13  13  13  13  13 
  13  13  13  13  13  13  13  13  13  13  13  13  13  13  13  13  13  13  13  13 
  13  13  13  13  13  13  13  13  13  13  13  13  13  13  13  13  13  13  13  13 
  13  13  13  13  13  13  13  13  13  13  13  13  13  13  13  13 
  13  13  13  13  13  13  13  13  13  13  13  13  13  13  13  13  13  13  13  13 
  13  13  13  13  13  13  13  13  13  13  13  13  13  13  13  13  13  13  13  13 
  13  13  13  13  13  13  13  13  13  13  13  13  13  13  13  13  13  13  13  13 
  13  13  13  13  13  13  13  13  13  13  13  13  13  13  13  13  13  13  13  13 
  13  13  13  13  13  13  13  13  13  13  13  13  13  13  13  13 
  13  13  13  13  13  13  13  13  13  13  13  13  13  13  13  13  13  13  13  13 
  13  13  13  13  13  13  13  13  13  13  13  13  13  13  13  13  13  13  13  13 
  13  13  13  13  13  13  13  13  13  13  13  13  13  13  13  13  13  13  13  13 
  13  13  13  13  13  13  13  13  13  13  13  13  13  13  13  13  13  13  13  13 
  13  13  13  13  13  13  13  13  13  13  13  13  13  13  13  13 
  13  13  13  13  13  13  13  13  13  13  10  10  10  10  10  10  10  10  10  10
  10  10  11  11  11  13  13  13  13  13  13  13  13  13  13  13  13  13  13  13 
  13  13  13  13  13  13  13  13  13  13  13  13  13  13  13  13  13  13  13  13 
  13  13  13  13  13   8   8   8   8   8   8  13  13  13  13  13  13  13  13  13 
  13  13  13  13  13  13  13  13  13  13  13  13  13  13  13  13 
  13  13  13  13  13  13  13  13  10  10  10  10  10  10  10  10  10  10  10  10
  10  11  11  11  11  11  11  11  11  11  13  13  13  13  13  13  13  13  13  13 
  13  13  13  13  13  13  13  13  13  13  13  13  13  13  13  13  13  13  13  13 
  13  13  13   8   8   8   8   8   8   8   8   8  13  13  13  13  13  13  13  13 
  13  13  13  13  13  13  13  13  13  13  13  13  13  13  13  13 
   8   8  13  13  13  10  10  10  10  10  10  11  11  11  11  11  10  10  10  10
  10  11  11  11  11  11  11  11  11  11  11  11  11   9   9   9   9   9   9   9
   9  13  13  13  13  13  13  13  13  13  13  13  13  13  13  13  13  13  13  13 
   8   8   8   8   8   8   8   8   8   8   8   8   8   8   8   8   8   8   8   8
   8  13  13  13  13  13  13  13  13  13  13  13   8   8   8   8
  10  10  10  10  10  10  10  10  10  10  10  10  10  11  11  11  11  10  10  10
  10  11  11  11  11  11  11  11  11  11  11  11  11  11  11  11  11  11  11  10
  10  10   9   8   8   8   8   8   8   8   8   8   8   8   8   8   8   8   8   8
   8   8   8   8   8   8   8   8   8   8   9   8   8   8   8   8   8   8   8   8
   8   8   8   8   8   8   8   8   8   8   8   8   8   8   9   9
  10  10  10  10  10  10  10  10  10  10  10  10  11  11  11  11  11  11  10  10
  10  11  11  11  11  11  11  11  11  11  11  11  11  11  11  11  11  11  11  11
  11  10  10   9   9   9   9   9   9   9   9   9   9   9   9   9   9   9   9   9
   9   9   9   9   9   9   9   9   9   9   9   9   9   9   9   9   9   9   9   9
   9   9   9   9   9   9   9   9   9   9   9   9   9   9   9  10
  10  10  10  10  10  10  10  10  10  10  10  11  11  11  12  11  11  11  11  10
  10  11  11  11  11  11  11  11  11  11  11  11  11  11  11  11  11  11  11  11
  11  10  10  10  10  10  10  10  10  10  10  10  10  10  10  10  10  10  10  10
  10  10  10  10  10  10  10  10  10  10  10  10  10  10  10  10  10  10  10  10
  10  10  10  10  10  10  10  10  10  10  10  10  10  10  10  10
  11  11  11  11  11  11  11  11  11  11  11  11  11  11  12  11  11  11  11  11
  11  11  11  11  11  11  11  11  11  11  11  11  11  11  11  11  11  11  11  11
  11  11  11  11  11  11  11  11  11  11  11  11  11  11  11  11  11  11  11  11
  11  11  11  11  11  11  11  11  11  11  11  11  11  11  11  11  11  11  11  13
  11  11  11  11  11  11  11  11  11  11  11  11  11  11  11  11
  12  12  12  12  12  12  12  12  12  12  12  12  12  12  12  12  12  12  12  12
  12  12  12  12  12  12  12  12  12  12  12  12  12  12  12  12  12  12  12  12
  12  12  12  12  12  12  12  12  12  12  12  12  12  12  12  12  12  12  12  12
  12  12  12  12  12  12  12  12  12  12  12  12  12  12  12  12  12  12  12  12
  13  12  12  12  12  12  12  12  12  12  12  12  12  12  12  12
  13  13  13  13  13  13  13  13  13  13  13  13  13  13  13  13  13  13  13  13
  13  13  13  13  13  13  13  13  13  13  13  13  13  13  13  13  13  13  13  13
  13  13  13  13  13  13  13  13  13  13  13  13  13  13  13  13  13  13  13  13
  13  13  13  13  13  13  13  13  13  13  13  13  13  13  13  13  13  13  13  13
  13  13  13  13  13  13  13  13  13  13  13  13  13  13  13  13
  14  14  14  14  14  14  14  14  14  14  14  14  14  14  14  14  14  14  14  14
  14  14  14  14  14  14  14  14  14  14  14  14  14  14  14  14  14  14  14  14
  14  14  14  14  14  14  14  14  14  14  14  14  14  14  14  14  14  14  14  14
  14  14  14  14  14  14  14  14  14  14  14  14  14  14  14  14  14  14  14  14
  14  14  14  14  14  14  14  14  14  14  14  14  14  14  14  14
  15  15  15  15  15  15  15  15  15  15  15  15  15  15  15  15  15  15  15  15
  15  15  15  15  15  15  15  15  15  15  15  15  15  15  15  15  15  15  15  15
  15  15  15  15  15  15  15  15  15  15  15  15  15  15  15  15  15  15  15  15
  15  15  15  15  15  15  15  15  15  15  15  15  15  15  15  15  15  15  15  15
  15  15  15  15  15  15  15  15  15  15  15  15  15  15  15  15
  16  16  16  16  16  16  16  16  16  16  16  16  16  16  16  16  16  16  16  16
  16  16  16  16  16  16  16  16  16  16  16  16  16  16  16  16  16  16  16  16
  16  16  16  16  16  16  16  16  16  16  16  16  16  16  16  16  16  16  16  16
  16  16  16  16  16  16  16  16  16  16  16  16  16  16  16  16  16  15  15  16
  16  16  16  16  16  16  16  16  16  16  16  16  16  16  16  16
  17  17  17  17  17  17  17  17  17  17  17  17  17  17  17  17  17  17  17  17
  17  17  17  17  17  17  17  17  17  17  17  17  17  17  17  17  17  17  17  17
  17  17  17  17  17  17  17  17  17  17  17  17  17  17  17  17  17  17  17  17
  17  17  17  17  17  17  17  17  17  17  17  17  17  17  17  17  17  16  17  17
  17  17  17  17  17  17  17  17  17  17  17  17  17  17  17  17
  18  18  18  18  18  18  18  18  18  18  18  18  18  18  18  18  18  18  18  18
  18  18  18  18  18  18  18  18  18  18  18  18  18  18  18  18  18  18  18  18
  18  18  18  18  18  18  18  18  18  18  18  18  18  18  18  18  18  18  18  18
  18  18  18  18  18  18  18  18  18  18  18  18  18  18  18  18  18  18  18  18
  18  18  18  18  18  18  18  18  18  18  18  18  18  18  18  18
  19  19  19  19  19  19  19  19  19  19  19  19  19  19  19  19  19  19  19  19
  19  19  19  19  19  19  19  19  19  19  19  19  19  19  19  19  19  19  19  19
  19  19  19  19  19  19  19  19  19  19  19  19  19  19  19  19  19  19  19  19
  19  19  19  19  19  19  19  19  19  19  19  19  19  19  19  19  19  18  19  19
  19  19  19  19  19  19  19  19  19  19  19  19  19  19  19  19
  20  20  20  20  20  20  20  20  20  20  20  20  20  20  20  20  20  20  20  20
  20  20  20  20  20  20  20  20  20  20  20  20  20  20  20  20  20  20  20  20
  20  20  20  20  20  19  20  20  20  20  20  20  20  20  20  20  20  20  20  20
  20  20  20  20  20  20  20  20  20  20  20  20  20  20  20  20  20  21  20  20
  20  20  20  20  20  20  20  20  20  20  20  20  20  20  20  20
  21  21  21  21  21  21  21  21  21  21  21  21  21  21  21  21  21  21  21  21
  21  21  21  21  21  21  21  21  21  21  21  21  21  21  21  21  21  21  21  21
  21  21  21  21  21  21  21  21  21  21  21  21  21  21  21  21  21  21  21  21
  21  21  21  21  21  21  21  21  21  21  21  21  21  21  21  21  21  21  21  21
  21  21  21  21  21  21  21  21  21  21  21  21  21  21  21  21
  22  22  22  22  22  22  22  22  22  22  22  22  22  22  22  22  22  22  22  22
  22  22  22  22  22  22  22  22  22  22  22  22  22  22  22  22  22  22  22  22
  22  22  22  22  22  22  22  22  22  22  22  22  22  22  22  22  22  22  22  22
  22  22  22  22  22  22  22  22  22  22  22  22  22  22  22  22  22  22  22  22
  22  22  22  22  22  22  22  22  22  22  22  22  22  22  22  22
  23  23  23  23  23  23  23  23  23  23  23  23  23  23  23  23  23  23  23  23
  23  23  23  23  23  23  23  23  23  23  23  23  23  23  23  23  23  23  23  23
  23  23  23  23  23  23  23  23  23  23  23  23  23  23  23  23  23  23  23  23
  23  23  23  23  23  23  23  23  23  23  23  23  23  23  23  23  23  22  22  23
  23  23  23  23  23  23  23  23  23  23  23  23  23  23  23  23
  24  24  24  24  24  24  24  24  24  24  24  24  24  24  24  24  24  24  24  24
  24  24  24  24  24  24  24  24  24  24  24  24  24  24  24  24  24  24  24  24
  24  24  24  24  24  24  24  24  24  24  24  24  24  24  24  24  24  24  24  24
  24  24  24  24  24  24  24  24  24  24  24  24  24  24  24  24  24  24  23  24
  24  24  24  24  24  24  24  24  24  24  24  24  24  24  24  24
  25  25  25  25  25  25  25  25  25  25  25  25  25  25  25  25  25  25  25  25
  25  25  25  25  25  25  25  25  25  25  25  24  25  25  25  25  25  25  24  24
  25  25  25  25  25  25  25  25  25  25  25  25  25  25  25  25  25  25  25  25
  25  25  25  25  25  25  25  25  25  25  25  25  25  25  25  25  25  25  23  24
  24  24  25  25  25  25  25  25  25  25  25  25  25  25  25  25
  26  26  26  26  26  26  25  25  26  26  26  26  26  26  26  26  26  26  26  26
  26  26  26  26  26  26  26  26  26  26  26  26  25  25  26  26  25  25  24  24
  26  26  26  26  26  26  26  26  26  26  26  26  26  26  26  26  26  26  26  26
  26  26  26  26  26  26  26  26  26  26  26  26  26  26  26  26  26  26  23  24
  24  24  26  26  26  26  26  26  26  26  26  26  26  26  26  26
  27  27  27  27  27  27  28  28  27  27  27  27  27  27  27  27  27  27  27  27
  27  27  27  27  27  27  27  27  27  27  27  27  25  26  26  26  26  25  24  24
  24  27  27  27  27  27  27  27  27  27  27  27  27  27  27  27  27  27  27  27
  27  27  27  27  27  27  27  27  27  27  27  27  27  27  27  27  27  27  24  24
  24  24  26  27  27  27  27  27  27  27  27  27  27  27  27  27
  28  28  28  28  28  28  28  28  28  28  28  28  28  28  28  28  28  28  28  28
  28  28  28  28  28  28  28  28  28  28  28  28  25  32  26  26  25  25  25  24
  24  28  28  28  28  28  28  28  28  28  28  28  28  28  28  28  28  28  28  28
  28  28  28  28  28  28  28  28  28  28  28  28  28  28  28  28  28  28  24  24
  24  24  24  28  28  28  28  28  28  28  28  28  28  28  28  28
  29  29  29  29  29  28  28  28  29  29  29  29  29  29  29  29  29  29  29  29
  29  29  29  29  29  29  29  29  29  29  29  29  32  32  32  25  25  25  25  24
  30  29  29  29  29  29  29  29  29  29  29  29  29  29  29  29  29  29  29  29
  29  29  29  29  29  29  29  29  29  29  29  29  29  29  29  29  29  29  24  24
  24  24  24  29  29  29  29  29  29  29  29  29  29  29  29  29
  30  30  30  30  30  28  28  29  29  29  30  30  30  30  30  30  30  30  30  30
  30  30  30  30  30  30  30  30  30  30  30  31  32  32  32  32  25  25  25  32
  30  30  30  30  30  30  30  30  30  30  30  30  30  30  30  30  30  30  30  30
  30  30  30  30  30  30  30  30  30  30  30  30  30  30  30  30  30  30  30  24
  24  24  24  24  29  30  30  30  30  30  30  30  30  30  30  30
  31  31  31  31  31  32  32  32  29  31  31  31  31  31  31  31  31  31  31  31
  31  31  31  31  31  31  31  31  31  31  31  32  32  32  32  25  25  25  33  32
  31  31  31  31  31  31  31  31  31  31  31  31  31  31  31  31  31  31  31  31
  31  31  31  31  31  31  31  31  31  31  31  31  31  31  31  31  31  31  24  24
  24  24  24  24  24  31  31  31  31  31  31  31  31  31  31  31
  32  32  32  32  32  32  32  32  32  32  32  32  32  32  32  32  32  32  32  32
  32  32  32  32  32  32  32  32  32  32  32  32  32  34  34  25  25  33  33  32
  32  32  32  32  32  32  32  32  32  32  32  32  32  32  32  32  32  32  32  32
  32  32  32  32  32  32  32  32  32  32  32  32  32  32  32  32  32  32  24  41
  24  24  24  24  37  32  32  32  32  32  32  32  32  32  32  32
  33  33  33  33  33  32  32  32  32  32  32  33  33  33  33  33  33  33  33  33
  33  33  33  33  33  33  33  33  33  33  33  33  33  34  35  35  34  33  33  33
  33  33  33  33  33  33  33  33  33  33  33  33  33  33  33  33  33  33  33  33
  33  33  33  33  33  33  33  33  33  33  33  33  33  33  33  33  33  33  41  41
  24  24  41  24  37  33  33  33  33  33  33  33  33  33  33  33
  34  34  34  34  33  32  32  32  32  32  34  34  34  34  34  34  34  34  34  34
  34  34  34  34  34  34  34  34  34  34  34  34  34  34  35  35  34  34  34  34
  34  34  34  34  34  34  34  34  34  34  34  34  34  34  34  34  34  34  34  34
  34  34  34  34  34  34  34  34  34  34  34  34  34  34  34  34  34  41  41  41
  41  24  41  41  37  34  34  34  34  34  34  34  34  34  34  34
  35  35  35  35  35  32  32  32  38  32  36  35  35  35  35  35  35  35  35  35
  35  35  35  35  35  35  35  35  35  35  35  35  35  35  35  36  36  35  35  35
  35  35  35  35  35  35  35  35  35  35  35  35  35  35  35  35  35  35  35  35
  35  35  35  35  35  35  35  35  35  35  35  35  35  35  35  35  41  41  41  41
  41  41  41  41  37  35  35  35  35  35  35  35  35  35  35  35
  36  36  36  36  36  38  38  38  38  32  37  36  36  36  36  36  36  36  36  36
  36  36  36  36  36  36  36  36  36  36  36  36  36  36  36  36  36  36  36  36
  36  36  36  36  36  36  36  36  36  36  36  36  36  36  36  36  36  36  36  36
  36  36  36  36  36  36  36  36  36  36  36  36  36  36  36  36  41  41  41  41
  41  41  41  41  40  37  37  36  36  36  36  36  36  36  36  36
  37  37  37  37  37  38  38  38  38  38  37  37  37  37  37  37  37  37  37  37
  37  37  37  37  37  37  37  37  37  36  38  37  37  37  37  37  37  37  36  36
  37  37  37  37  37  37  37  37  37  37  37  37  37  37  37  37  37  37  37  37
  37  37  37  37  37  37  37  37  37  37  37  37  37  37  37  37  41  41  41  41
  41  41  41  41  40  40  37  37  37  37  37  37  37  37  37  37
  38  38  38  38  38  38  38  38  38  38  38  38  38  38  38  38  38  38  38  38
  38  38  38  38  38  38  38  38  37  38  38  38  38  38  38  38  38  38  36  39
  38  38  38  38  38  38  38  38  38  38  38  38  38  38  38  38  38  38  38  38
  38  38  38  38  38  38  38  38  38  38  38  38  38  38  38  41  41  41  41  41
  41  41  41  41  40  40  39  38  38  38  38  38  38  38  38  38
  39  39  39  38  38  38  38  38  55  38  38  39  39  39  39  39  39  39  39  39
  39  39  39  39  39  39  39  38  41  39  38  38  38  39  39  39  40  40  40  39
  39  39  39  39  39  39  39  39  39  39  39  39  39  39  39  39  39  39  39  39
  39  39  39  39  39  39  39  39  39  39  39  39  39  39  39  41  41  41  41  41
  41  41  41  41  40  40  39  39  39  39  39  39  39  39  39  39
  40  40  40  40  38  38  38  38  55  55  39  40  40  40  40  40  40  40  40  40
  40  40  40  40  40  40  40  41  41  40  38  38  41  40  40  41  40  40  40  40
  40  40  40  40  40  40  40  40  40  40  40  40  40  40  40  40  40  40  40  40
  40  40  40  40  40  40  40  40  40  40  40  40  40  40  40  41  41  41  41  41
  41  41  41  41  40  40  40  40  40  40  40  40  40  40  40  40
  41  41  41  40  38  38  38  38  55  55  40  40  41  41  41  41  41  41  41  41
  41  41  41  41  41  41  41  41  41  41  40  42  41  41  41  41  41  41  41  41
  41  41  41  41  41  41  41  41  41  41  41  41  41  41  41  41  41  41  41  41
  41  41  41  41  41  41  41  41  41  41  41  41  41  41  41  41  41  41  41  41
  41  41  41  41  41  41  41  41  41  41  41  41  41  41  41  41
  42  42  42  42  38  38  38  38  38  55  40  40  40  42  42  42  42  42  42  42
  42  42  42  42  42  42  41  43  42  42  42  42  42  42  42  42  42  42  42  42
  42  42  42  42  42  42  42  42  42  42  42  42  42  42  42  42  42  42  42  42
  42  42  42  42  42  42  42  42  42  42  42  42  42  42  42  42  46  45  45  41
  41  44  43  42  42  42  42  42  42  42  42  42  42  42  42  42
  43  43  42  42  38  38  38  38  55  55  40  40  40  43  43  43  43  43  43  43
  43  43  43  43  43  43  43  43  43  43  43  43  43  43  43  43  43  43  43  43
  43  43  43  43  43  43  43  43  43  43  43  43  43  43  43  43  43  43  43  43
  43  43  43  43  43  43  43  43  43  43  43  43  43  43  43  43  46  45  45  45
  44  44  43  43  43  43  43  43  43  43  43  43  43  43  42  42
  43  43  42  42  42  42  38  55  55  55  40  40  43  44  44  44  44  44  44  44
  44  44  44  44  44  44  44  44  44  44  44  44  44  43  44  44  44  44  44  44
  44  44  44  44  44  44  44  44  44  44  44  44  44  44  44  44  44  44  44  44
  44  44  44  44  44  44  44  44  44  44  44  44  44  44  44  43  46  45  45  45
  44  44  44  44  44  44  44  44  44  44  44  44  44  43  42  42
  43  42  42  42  42  42  42  55  55  55  55  46  46  45  45  45  45  45  45  45
  45  44  45  45  45  45  45  45  45  45  45  45  45  44  45  45  45  45  45  45
  45  45  45  45  45  45  45  45  45  45  45  45  45  45  45  45  45  45  45  45
  45  45  45  45  45  45  45  45  45  45  45  45  45  45  46  45  46  46  45  45
  45  45  45  45  45  45  45  45  45  45  45  45  45  44  42  42
  43  42  42  42  42  42  55  55  55  55  55  46  46  46  46  46  46  46  46  46
  46  46  46  46  46  46  46  45  45  45  46  46  46  46  46  46  46  46  46  46
  46  46  46  46  46  46  46  46  46  46  46  46  46  46  46  46  46  46  46  46
  46  46  46  46  46  46  46  46  46  46  46  46  46  46  46  46  46  46  46  46
  46  46  46  46  46  46  46  46  46  46  46  46  46  48  42  43
  42  42  42  42  42  42  55  55  55  55  55  46  47  47  47  47  47  47  47  47
  48  47  47  47  47  47  47  45  45  47  47  47  47  47  47  47  47  47  47  47
  47  47  47  47  47  47  47  47  47  47  47  47  47  47  47  47  47  47  47  47
  47  47  47  47  47  47  47  47  47  47  47  47  46  48  47  47  47  47  47  47
  47  47  47  47  47  47  47  47  47  47  47  47  47  48  42  42
  42  42  42  42  42  42  42  55  55  55  46  46  51  51  48  48  48  48  48  48
  48  48  48  48  48  48  47  45  45  48  48  48  48  48  48  48  48  48  48  48
  48  48  48  48  48  48  48  48  48  48  48  48  48  48  48  48  48  48  48  48
  48  48  48  48  48  48  48  48  48  48  47  49  49  48  48  48  48  48  48  48
  48  48  48  48  48  48  48  48  48  48  48  48  48  48  48  42
  42  42  42  42  42  42  42  55  55  55  46  46  51  51  51  49  49  49  49  49
  48  48  48  49  49  49  47  45  48  48  49  49  49  49  49  49  49  49  49  49
  49  49  49  49  49  49  49  49  49  49  49  49  49  49  49  49  49  49  49  49
  49  49  49  49  49  49  49  49  49  48  49  49  49  49  49  49  49  49  49  49
  49  49  49  49  49  49  49  49  49  49  49  49  49  48  48  42
  48  48  42  42  42  42  42  55  55  55  46  51  51  51  51  51  50  50  50  49
  49  48  50  50  50  48  48  45  48  50  50  50  50  50  50  50  50  50  50  50
  50  50  50  50  50  50  50  50  50  50  50  50  50  50  50  50  50  50  50  50
  50  50  50  50  50  50  50  50  50  50  50  50  51  50  50  49  50  50  50  50
  50  50  50  50  50  50  50  50  50  50  50  50  49  49  48  48
  48  48  42  55  55  55  55  55  55  55  46  46  51  51  51  51  51  51  51  51
  49  50  50  50  50  48  48  48  48  50  50  51  51  51  51  51  51  51  51  51
  51  51  51  51  51  51  51  51  51  51  51  51  51  51  51  51  51  51  51  51
  51  51  51  51  51  51  51  51  50  50  51  51  51  51  51  51  51  51  51  51
  51  51  51  51  51  51  51  51  51  51  51  51  51  50  49  48
  48  48  56  55  55  55  55  55  55  55  46  51  51  51  51  51  51  51  51  51
  50  50  50  50  50  50  48  55  50  50  55  52  52  52  52  52  52  52  52  52
  52  52  52  52  52  52  52  52  52  52  52  52  52  52  52  52  52  52  52  52
  52  52  52  52  52  52  52  51  52  52  52  52  52  52  52  52  52  52  52  52
  52  52  52  52  52  52  52  52  52  52  52  52  52  50  49  48
  48  48  56  55  55  55  55  55  55  46  51  51  51  51  51  51  51  51  51  51
  51  50  50  50  50  50  48  55  55  55  55  55  53  53  53  53  53  53  53  53
  53  53  53  53  53  53  53  53  53  53  53  53  53  53  53  53  53  53  53  53
  53  53  53  53  53  53  51  51  52  52  53  53  53  53  53  53  53  53  53  53
  53  53  53  53  53  53  53  53  53  53  53  53  53  54  50  49
  48  56  56  56  55  55  55  55  55  55  46  51  51  51  51  51  51  51  51  51
  51  50  50  50  47  50  47  55  55  55  55  55  54  54  54  54  54  54  54  54
  54  54  54  54  54  54  54  54  54  54  54  54  54  54  54  54  54  54  54  54
  54  54  54  54  54  54  54  53  52  52  53  53  53  53  53  54  54  54  54  54
  54  54  54  54  54  54  54  54  54  54  54  54  54  54  54  49
  48  56  56  56  56  55  55  55  55  55  46  51  51  51  51  51  51  51  51  51
  51  51  51  47  47  47  55  55  55  55  55  55  55  55  55  55  55  55  55  55
  55  55  55  55  55  55  55  55  55  55  55  55  55  55  55  55  55  55  55  55
  55  55  55  55  55  55  54  54  52  53  53  53  53  53  54  55  55  55  55  55
  55  55  55  55  55  55  55  55  55  55  55  55  55  55  56  48
  57  56  56  56  56  56  56  56  56  56  51  51  51  51  51  51  51  51  51  51
  51  51  51  51  55  55  58  58  58  58  58  56  56  56  56  57  55  56  56  56
  56  56  56  56  56  56  56  56  56  56  56  56  56  56  56  56  56  56  56  56
  56  56  56  56  56  54  54  54  52  53  53  53  53  53  55  56  56  56  56  56
  56  56  56  56  56  56  56  56  56  56  56  56  56  56  56  57
  57  58  58  57  57  57  57  57  56  56  51  51  51  51  51  51  51  51  51  51
  51  51  51  51  51  51  51  58  58  58  58  58  57  57  56  57  57  58  57  57
  57  57  57  57  57  57  57  57  57  57  57  57  57  57  57  57  57  57  57  57
  57  57  57  57  57  54  54  54  53  53  53  53  53  53  53  57  57  57  57  57
  57  57  57  57  57  57  57  57  57  57  57  57  57  57  57  57
  58  58  58  58  58  58  58  58  59  59  51  51  51  51  51  51  51  51  51  51
  51  51  51  51  51  51  51  61  61  58  58  58  58  58  58  58  58  59  58  58
  58  58  58  58  58  58  58  58  58  58  58  58  58  58  58  58  58  58  58  58
  58  58  58  58  57  57  61  54  53  53  53  53  53  53  53  57  58  58  58  58
  58  58  58  58  58  58  58  58  58  58  58  58  58  58  58  57
  59  59  59  59  59  59  58  58  59  59  59  59  51  51  51  51  51  51  51  51
  51  51  51  51  51  51  61  61  61  58  58  58  58  58  58  59  59  59  59  59
  59  59  59  59  59  59  59  59  59  59  59  59  59  59  59  59  59  59  59  59
  59  59  59  59  57  61  61  54  53  53  53  53  53  53  53  53  58  58  59  59
  59  59  59  59  59  59  59  59  59  59  59  59  59  59  59  59
  60  59  60  60  59  60  60  60  60  60  60  60  51  51  51  51  51  51  51  51
  51  51  51  51  51  51  51  61  61  61  61  61  58  58  61  59  59  60  60  60
  60  60  60  60  60  60  60  60  60  60  60  60  60  60  60  60  60  60  60  60
  60  60  60  60  61  61  61  53  53  53  53  53  53  62  62  62  58  60  60  60
  60  60  60  60  60  60  60  60  60  60  60  60  60  60  61  60
  61  61  59  59  60  60  60  60  60  60  60  60  51  51  51  51  51  51  51  51
  51  51  51  51  74  74  74  61  61  61  61  61  58  61  61  61  61  61  61  61
  61  61  61  61  61  61  61  61  61  61  61  61  61  61  61  61  61  61  61  61
  61  61  61  61  61  61  53  53  53  53  66  53  53  62  62  62  62  62  60  62
  61  61  61  61  61  61  61  61  61  61  61  61  61  61  61  61
  61  65  65  60  60  60  60  60  60  60  60  60  51  51  51  51  51  51  51  51
  51  51  74  74  74  74  74  74  74  74  61  61  61  61  61  61  61  61  62  62
  62  62  62  62  62  62  62  62  62  62  62  62  62  62  62  62  62  62  62  62
  62  62  62  62  61  61  53  53  53  66  66  66  62  62  65  62  62  62  62  62
  62  61  62  62  62  62  62  62  62  62  62  62  62  62  62  61
  65  65  65  65  65  65  65  60  60  60  60  60  60  51  51  51  51  51  74  74
  74  74  74  74  74  74  74  74  74  74  61  61  61  61  61  61  61  64  62  63
  63  63  63  63  63  63  63  63  63  63  63  63  63  63  63  63  63  63  63  63
  63  63  63  62  62  61  66  66  66  66  66  66  65  65  65  65  65  62  62  63
  63  63  63  63  63  63  63  63  63  63  63  63  63  63  63  63
  65  65  65  65  65  65  65  60  60  60  60  51  60  51  51  51  51  74  74  74
  74  74  74  74  74  74  74  74  74  74  73  61  61  61  61  61  61  61  64  64
  64  64  64  64  64  64  64  64  64  64  64  64  64  64  64  64  64  64  64  64
  64  64  64  62  62  66  66  66  66  66  66  66  66  65  65  65  65  65  62  63
  63  64  64  64  64  64  64  64  64  64  64  64  64  64  63  63
  65  65  66  65  65  65  65  65  66  51  51  51  51  51  51  51  74  74  74  74
  74  74  74  74  74  74  74  74  73  73  73  73  73  61  61  65  65  65  65  65
  65  65  65  65  65  65  65  65  65  65  65  65  65  64  65  65  65  65  65  65
  65  65  65  72  72  72  72  67  67  66  66  66  66  66  65  66  66  66  67  65
  65  65  65  65  65  65  65  65  65  65  65  65  65  65  66  66
  66  66  66  66  65  66  66  66  67  51  51  51  51  51  51  51  51  74  74  74
  74  74  74  74  74  74  74  74  73  73  73  73  73  73  73  73  73  66  66  66
  66  66  66  66  66  66  66  66  66  66  66  66  66  66  66  66  66  66  66  66
  66  66  65  72  72  72  72  72  67  67  67  66  66  66  66  66  66  67  67  66
  66  66  66  66  66  66  66  66  66  66  66  66  66  66  66  66
  67  67  66  66  67  67  67  67  67  67  51  71  51  51  51  51  74  74  74  74
  74  74  74  74  74  74  74  74  74  74  73  73  73  73  73  73  73  73  66  66
  66  66  66  66  67  67  67  67  67  67  67  67  67  67  66  66  67  67  67  67
  66  69  72  72  72  72  72  72  72  68  67  67  67  67  67  67  67  67  67  67
  67  67  67  67  67  67  67  67  67  67  67  67  67  67  67  67
  68  68  68  66  68  68  68  67  67  71  71  71  71  71  71  51  74  74  74  74
  74  74  74  74  74  74  74  74  74  73  73  73  73  73  73  73  73  73  66  72
  72  72  66  66  66  67  68  68  68  68  68  68  68  69  67  67  67  67  67  69
  69  69  72  72  72  72  72  72  69  69  68  68  68  68  68  68  68  68  68  68
  68  68  68  67  67  68  68  68  68  68  68  68  68  68  68  68
  69  69  69  69  68  68  68  67  67  71  71  71  71  71  72  72  74  74  74  74
  74  74  74  74  74  74  74  74  74  73  73  73  73  73  73  73  73  73  73  73
  72  72  72  66  66  66  69  69  69  69  69  69  69  69  69  67  69  69  69  69
  69  69  72  72  72  72  72  72  69  69  69  69  69  69  69  69  69  69  68  69
  69  69  69  69  69  69  69  69  69  69  69  68  69  69  69  69
  70  70  70  70  68  68  68  68  71  71  71  71  71  71  72  72  72  74  74  74
  74  74  74  74  74  74  74  74  73  73  73  73  73  73  73  73  73  73  73  73
  72  72  72  72  72  69  69  69  69  69  69  70  70  70  69  69  69  69  69  69
  72  72  72  72  72  72  72  72  73  73  73  69  69  69  70  70  70  70  69  69
  70  70  70  70  70  69  69  70  70  70  70  70  71  70  70  70
  71  71  71  71  71  68  68  68  72  71  72  71  71  71  72  72  72  72  72  72
  74  74  74  74  74  74  74  74  74  74  74  74  73  73  73  73  73  73  73  73
  73  73  72  72  72  72  72  72  71  71  71  71  71  70  70  73  73  69  69  69
  72  72  72  72  72  72  72  72  73  73  73  73  71  71  71  71  70  70  71  71
  71  71  71  71  71  71  70  70  71  71  71  71  71  71  71  71
  72  72  72  72  72  72  72  73  72  72  72  72  72  72  72  72  72  72  72  74
  74  74  74  75  75  74  74  74  74  74  74  74  74  74  73  73  73  73  73  73
  73  73  73  72  72  72  72  72  72  72  72  72  72  72  73  73  73  72  72  72
  72  72  72  72  72  72  72  72  74  74  74  73  71  71  71  71  70  73  73  72
  72  72  72  72  72  72  71  72  72  72  72  72  72  72  72  72
  73  73  73  73  73  73  73  73  73  73  73  73  73  73  73  73  73  73  73  74
  74  74  75  75  75  75  74  74  74  74  74  74  74  74  73  73  73  73  73  73
  73  73  73  73  73  73  73  73  73  73  73  73  73  73  73  73  73  73  73  73
  73  73  73  73  74  74  74  74  74  74  74  73  73  74  74  74  73  73  73  73
  73  73  73  72  72  72  73  72  73  73  73  73  73  73  73  73
  74  74  74  74  74  74  74  74  74  74  74  74  74  74  74  74  74  74  74  74
  74  74  75  75  75  75  75  75  75  74  74  74  74  74  74  74  74  74  74  74
  74  74  74  74  74  74  74  74  74  74  74  74  74  74  74  74  74  74  74  74
  74  74  74  74  74  74  74  74  74  74  74  74  74  74  74  74  74  74  74  74
  74  74  74  74  74  74  76  75  74  74  74  74  74  74  74  74
  75  75  75  75  74  74  75  75  75  75  75  75  75  75  75  75  75  75  75  75
  75  75  75  75  75  75  75  75  75  75  75  75  75  75  75  75  75  75  75  75
  75  75  75  75  75  75  75  75  75  75  75  75  75  75  75  75  75  75  75  75
  75  75  75  75  75  75  75  75  75  75  75  75  75  75  75  75  75  75  75  75
  74  74  74  74  76  76  76  75  75  75  75  75  75  75  75  75
  76  76  76  76  77  76  76  76  76  76  76  76  76  76  76  76  76  76  76  76
  76  76  76  76  76  76  77  77  76  76  76  76  76  76  76  76  76  76  76  76
  76  76  76  76  76  76  76  76  76  76  76  76  76  76  76  76  76  76  76  76
  76  76  76  76  76  76  76  76  76  76  76  76  76  77  77  76  76  76  76  76
  76  76  76  76  78  78  78  78  76  76  76  76  76  76  76  76
  77  77  77  77  77  77  77  77  77  77  77  77  77  77  77  77  77  77  77  77
  77  77  77  77  77  77  77  77  77  77  77  77  77  77  77  77  77  77  77  77
  77  77  77  77  77  77  77  77  77  77  77  77  77  77  77  77  77  77  77  77
  77  77  77  77  77  77  77  77  77  77  77  77  77  77  77  77  76  76  76  76
  76  78  78  78  78  78  78  78  78  78  78  78  78  77  77  77
  78  78  78  78  78  78  78  78  78  78  78  78  78  78  78  78  78  78  78  78
  78  78  78  78  78  78  78  78  78  78  78  78  78  78  78  78  78  78  78  78
  78  78  78  78  78  78  78  78  78  78  78  78  78  78  78  78  78  78  78  78
  78  78  78  78  78  78  78  78  78  78  78  78  78  78  78  78  78  78  78  78
  78  78  78  78  78  78  78  78  79  79  78  78  78  78  78  78
  79  79  79  79  79  79  79  79  79  79  79  79  79  79  79  79  79  79  79  79
  79  79  79  79  79  79  79  79  79  79  79  79  79  79  79  79  79  79  79  79
  79  79  79  79  79  79  79  79  79  79  79  79  79  79  79  79  79  79  79  79
  79  79  79  79  79  79  79  79  79  79  79  79  79  79  79  79  79  79  79  79
  79  79  79  79  79  79  79  79  79  79  79  79  79  79  79  79
  80  80  80  80  80  80  80  80  80  80  80  80  80  80  80  80  80  80  80  80
  80  80  80  80  80  80  80  80  80  80  80  80  80  80  80  80  80  80  80  80
  80  80  80  80  80  80  80  80  80  80  80  80  80  80  80  80  80  80  80  80
  80  80  80  80  80  80  80  80  80  80  80  80  80  80  80  80  80  80  80  80
  80  80  80  80  80  80  80  80  80  80  80  80  80  80  80  80
